1.0895e-05
4.819e-06
3.352e-06
6.705e-06
4.75e-06
4.889e-06
5.238e-06
6.076e-06
5.796e-06
6.775e-06
6.635e-06
7.543e-06
7.263e-06
8.241e-06
7.962e-06
9.499e-06
9.568e-06
1.0755e-05
1.0406e-05
1.1943e-05
1.1803e-05
1.2572e-05
4.2394e-05
1.3968e-05
1.4247e-05
1.4876e-05
1.5155e-05
1.6762e-05
1.6622e-05
1.8088e-05
1.781e-05
1.9765e-05
2.0184e-05
2.2e-05
2.1931e-05
2.2349e-05
2.2489e-05
2.4374e-05
2.4933e-05
2.6749e-05
2.6679e-05
2.8356e-05
2.8775e-05
3.101e-05
3.0939e-05
3.1987e-05
3.2895e-05
3.4781e-05
3.6178e-05
3.7365e-05
3.7156e-05
4.2044e-05
4.0508e-05
4.3023e-05
4.2394e-05
4.4908e-05
4.5397e-05
4.861e-05
4.8121e-05
5.1193e-05
5.0775e-05
5.4058e-05
5.3918e-05
5.9225e-05
5.7689e-05
6.0483e-05
6.1042e-05
6.4464e-05
6.3905e-05
6.7397e-05
6.7188e-05
7.054e-05
7.0889e-05
7.6127e-05
7.48e-05
7.7873e-05
7.7943e-05
8.2133e-05
8.1505e-05
8.5415e-05
8.5905e-05
8.9257e-05
8.9747e-05
9.3448e-05
9.3448e-05
9.9733e-05
9.7708e-05
0.000101899
0.000101968
0.00010553
0.000105461
0.000114051
0.000109651
0.000153581
0.00011461
0.000118661
0.000118661
0.000128718
0.00012299
6.6e-05
4.5466e-05
4.7073e-05
4.6933e-05
4.8889e-05
4.854e-05
5.0496e-05
5.0077e-05
5.294e-05
5.2171e-05
5.4127e-05
5.3917e-05
5.5873e-05
5.5733e-05
5.7549e-05
5.6851e-05
6.0063e-05
6.2927e-05
6.1111e-05
6.0762e-05
6.2507e-05
6.2927e-05
6.4883e-05
6.5092e-05
6.7606e-05
6.6768e-05
6.9073e-05
6.9073e-05
7.2425e-05
7.1028e-05
7.1867e-05
7.2077e-05
7.8152e-05
7.5498e-05
7.7663e-05
7.7384e-05
7.9968e-05
7.948e-05
8.1365e-05
8.1645e-05
8.4019e-05
8.395e-05
8.6323e-05
8.6184e-05
9.2051e-05
8.8139e-05
9.0235e-05
9.0654e-05
0.000101549
9.3588e-05
9.5403e-05
9.5263e-05
9.7917e-05
9.7848e-05
0.000108185
0.000108604
0.000102667
0.000108743
0.000109162
0.000109302
0.000112026
0.000107556
0.00010993
0.00010979
0.000115727
0.000116774
0.000115169
0.0001144
0.000130254
0.000145898
0.000148483
0.000149251
0.000152324
0.000152045
0.000250939
0.000152883
0.000154209
0.00015833
0.000174324
0.000194648
0.000151625
0.000159377
0.000163429
0.000167758
0.000168178
0.000169156
0.000172368
0.000170831
0.000174115
0.000174045
0.000177747
0.00017628
0.000181867
0.000180958
0.000185219
0.000183822
0.000187803
0.000188082
0.000196394
0.000197092
0.000205613
0.000221187
0.000201073
0.000201073
0.000208476
0.000204704
0.000208686
0.000208546
0.000212178
0.000212806
0.00021567
0.000214482
0.000219651
0.000220069
0.000227194
0.000223771
0.000226355
0.000225657
0.000230477
0.000240883
0.000232712
0.000235924
0.000240044
0.000239975
0.000243257
0.000242629
0.000249962
0.000246959
0.000251847
0.000251219
0.000254781
0.000256247
0.000259042
0.000260299
0.00026386
0.000274196
0.00026868
0.000267772
0.000271962
0.000272311
0.000275733
0.000279854
0.000281041
0.000280412
0.000286699
0.000283975
0.000288933
0.000289422
0.000297035
0.000308139
0.000299061
0.000298153
0.000303251
0.000302273
0.000306603
0.000308838
0.000320082
0.000311422
0.000322038
0.000317428
0.000322527
0.000321549
0.000332514
0.000326927
0.00033447
0.000332235
0.000339079
0.000317987
0.000282229
0.000281531
0.000285791
0.000290051
0.00029501
0.000290121
0.000298223
0.000330977
0.000314286
0.000298641
0.000302552
0.000302552
0.000306883
0.000311003
0.000376515
0.000386711
0.0003828
0.000379448
0.000388876
0.000394463
0.000390552
0.000389226
0.000395861
0.000398654
0.000399492
0.000399911
0.000404171
0.000404102
0.000410527
0.000425054
0.000414717
0.000420375
0.000452082
0.000429454
0.000429314
0.000428267
0.000433574
0.000434064
0.000458228
0.000439092
0.000445867
0.000442934
0.000449848
0.00044894
0.00045774
0.000455225
0.000459765
0.000468844
0.000465981
0.00047052
0.000472058
0.000475899
0.000477086
0.000481137
0.000482464
0.000504184
0.000490914
0.000488609
0.000495454
0.000494756
0.000500204
0.000500553
0.000506977
0.000517594
0.000513055
0.000496851
0.0004312
0.000427987
0.000442095
0.000435879
0.000436159
0.000437066
0.000469403
0.000543575
0.000544762
0.000544552
0.000547486
0.000547485
0.000561245
0.000573188
0.000559708
0.000564527
0.000567251
0.000570254
0.00057633
0.000575841
0.000591835
0.000581568
0.000588203
0.00058946
0.000593092
0.000594419
0.000599378
0.000610693
0.000608737
0.000605244
0.000610762
0.000610762
0.000620749
0.000616628
0.000636603
0.000627873
0.000629898
0.000632483
0.000636464
0.000636533
0.0006512
0.000644844
0.000650152
0.000650502
0.000657416
0.000657207
0.000683467
0.000662933
0.000669359
0.000670965
0.000661328
0.000563969
0.000634229
0.000565155
0.00057193
0.000572419
0.000574165
0.000574374
0.000579962
0.000618025
0.00058953
0.000586178
0.000612717
0.000608318
0.00062885
0.000606362
0.000634578
0.000610133
0.000608248
0.000616629
0.000618025
0.000618165
0.000662095
0.000625918
0.000627105
0.00063807
0.000632832
0.000632483
0.000654552
0.000638628
0.000644147
0.000648197
0.000649873
0.000650013
0.000665937
0.00066014
0.000667124
0.000662165
0.000668032
0.000667822
0.000697086
0.000678997
0.000683956
0.000683606
0.000686749
0.000694921
0.000710705
0.000696806
0.000698343
0.000702603
0.00070875
0.000704419
0.000732635
0.000715664
0.000722858
0.000718178
0.000728654
0.000740178
0.00073473
0.000738711
0.000744857
0.000736895
0.000747511
0.000768812
0.000753867
0.00075673
0.000755054
0.000754845
0.000800241
0.000769092
0.000767136
0.000770489
0.000778032
0.000787949
0.000783968
0.000780825
0.000788578
0.000786552
0.000813022
0.000802686
0.000805898
0.000805759
0.000811486
0.000826991
0.000818539
0.000817562
0.000820845
0.000825594
0.000847035
0.000832298
0.000838305
0.000842147
0.000845569
0.000852623
0.000851644
0.000851924
0.00086226
0.000869524
0.000869455
0.000865613
0.000873016
0.000871479
0.000894737
0.000879302
0.000885518
0.000882166
0.000909823
0.000892921
0.000900324
0.000900114
0.000907168
0.000923302
0.000914292
0.000914012
0.000922115
0.000936362
0.000922813
0.000922324
0.000937201
0.000940483
0.0009416
0.000944254
0.000948375
0.000948864
0.000969188
0.000959898
0.00095927
0.000963949
0.00099426
0.000971143
0.000982667
0.00098155
0.00100069
0.000984972
0.000986857
0.000991536
0.00100683
0.000998381
0.00100921
0.00100495
0.00102401
0.00101354
0.00102024
0.00102471
0.0010405
0.00103246
0.00103652
0.00103973
0.00105551
0.00104371
0.00105069
0.00107018
0.00106173
0.0010627
0.00106655
0.00107164
0.00107737
0.00107318
0.00108435
0.00109281
0.00108987
0.0010898
0.00110077
0.00111222
0.00110133
0.0011132
0.00112333
0.00110929
0.00112074
0.00112403
0.00115245
0.00112801
0.00113611
0.00114903
0.00114225
0.00114163
0.0011542
0.00116167
0.00115518
0.00115957
0.00117857
0.0011623
0.00117445
0.00117752
0.00119303
0.00118709
0.00119512
0.00120951
0.0012026
0.00119512
0.00121929
0.00120644
0.00121049
0.00122746
0.00122306
0.00122013
0.00123151
0.00124241
0.00124653
0.00124234
0.00126643
0.00125107
0.0012591
0.00125833
0.00126385
0.00125945
0.0012915
0.00127118
0.00127928
0.00129479
0.0012878
0.00129269
0.00130456
0.00130086
0.0013089
0.00130051
0.00132021
0.00131246
0.00132105
0.00134493
0.00133062
0.00133355
0.00134926
0.00133851
0.00134696
0.00135269
0.00135925
0.00136274
0.00137182
0.00136358
0.00138858
0.00137378
0.00138132
0.00139794
0.001386
0.00139459
0.00141575
0.00140241
0.00140639
0.0014242
0.00142113
0.00142071
0.00143384
0.00142337
0.00143691
0.00144048
0.0014374
0.00146136
0.00144781
0.001452
0.00147875
0.00145633
0.00146946
0.00147924
0.00147735
0.00149789
0.00149432
0.0014909
0.0015069
0.00149174
0.00150773
0.00151192
0.00151444
0.00152722
0.00152966
0.0015224
0.00154244
0.00153399
0.00154
0.00155257
0.00155851
0.00156326
0.00155963
0.00156312
0.00158463
0.00157751
0.00158197
0.00157932
0.00158393
0.00159936
0.00160006
0.00161347
0.00160293
0.0016074
0.00161801
0.00161333
0.00166215
0.00162989
0.00163038
0.00165133
0.00163862
0.00165922
0.00165042
0.00165447
0.00167039
0.00166481
0.00169002
0.0016727
0.00169316
0.00168003
0.00169644
0.00170608
0.00170587
0.00171495
0.00170587
0.0017174
0.00171984
0.00172592
0.00173961
0.00172815
0.00174869
0.00173646
0.00176482
0.00174771
0.00176028
0.00177341
0.00176552
0.00177704
0.00177173
0.00179115
0.00179003
0.00179785
0.00179897
0.0018128
0.00180917
0.00180945
0.00181748
0.00181671
0.00186951
0.00182432
0.0018633
0.00183801
0.00185394
0.00184116
0.001867
0.00185575
0.00187922
0.00191128
0.00189123
0.00188523
0.00188138
0.00190625
0.00189116
0.0019119
0.00190478
0.00192957
0.0019235
0.00192985
0.00192978
0.00193705
0.00193544
0.00195514
0.00194501
0.0019529
0.00195549
0.00198468
0.00196443
0.00198007
0.00198391
0.00197951
0.00198245
0.00199991
0.00199655
0.00201946
0.00202198
0.00204244
0.00202519
0.0020305
0.00202973
0.00204914
0.00203727
0.00204775
0.00205166
0.00206786
0.00206465
0.00206863
0.00206479
0.00207785
0.00207638
0.00209845
0.00209503
0.00210816
0.00210138
0.00210481
0.00210732
0.00213218
0.00213337
0.00212548
0.00215209
0.00213735
0.00215963
0.00214441
0.00216773
0.00216354
0.00218505
0.00216592
0.00218352
0.00217109
0.00219337
0.0022021
0.00219427
0.00220733
0.00221509
0.00223981
0.00222312
0.00222291
0.00222668
0.00228185
0.00226837
0.00224491
0.00226893
0.0022565
0.00228695
0.00226872
0.00229366
0.00228765
0.0022945
0.00229652
0.00229673
0.00231768
0.00231608
0.00232613
0.00233905
0.00232474
0.00234311
0.00233368
0.00236657
0.00236105
0.0023533
0.00236008
0.00236566
0.00238927
0.00239535
0.0023781
0.00240044
0.002395
0.00240931
0.00240275
0.00240345
0.00241832
0.00242119
0.00243467
0.00244165
0.00243969
0.00245995
0.00244926
0.00247182
0.00247301
0.00246288
0.00248523
0.00269091
0.00247343
0.00251261
0.00248635
0.00251533
0.00251128
0.00252441
0.00252267
0.00260117
0.00253209
0.00256066
0.00253517
0.00256017
0.00255857
0.00256646
0.00257379
0.00258273
0.00257128
0.00259251
0.00259677
0.00260487
0.00260885
0.00261786
0.00261318
0.00263204
0.00262694
0.00262918
0.00265655
0.00265585
0.00264894
0.00267269
0.00266877
0.00266151
0.00267974
0.00269685
0.00267716
0.00270321
0.0026914
0.00269999
0.00271878
0.00272912
0.00272074
0.00273994
0.00273568
0.00273959
0.00275154
0.00276369
0.00275279
0.00277207
0.00277025
0.00278646
0.00278318
0.00280692
0.00280315
0.00280078
0.00281069
0.00281824
0.00281188
0.00284038
0.00283667
0.00285351
0.00284701
0.00285134
0.0028718
0.00286817
0.00287404
0.00288493
0.00288836
0.00288926
0.0028996
0.00290288
0.00289995
0.00292551
0.00292118
0.00293955
0.00293333
0.00295058
0.00294367
0.00296155
0.00294968
0.00297412
0.00297692
0.00297901
0.00297021
0.00299717
0.00299947
0.00301204
0.0030045
0.00302734
0.00302678
0.00302999
0.00301686
0.00305772
0.00305025
0.00306198
0.00304857
0.0030698
0.0030712
0.00308761
0.00306973
0.0030851
0.00309306
0.00313915
0.00311562
0.0031094
0.00313133
0.00312994
0.00319426
0.00315606
0.00313559
0.00318518
0.0031585
0.00318225
0.00318623
0.00317938
0.00319705
0.00321389
0.00320599
0.00321249
0.0032009
0.00323288
0.00323239
0.00323735
0.00324699
0.00324958
0.00325453
0.00327744
0.00327737
0.00327863
0.0032773
0.00329637
0.00329916
0.00331823
0.00330726
0.00331956
0.00331278
0.00333457
0.00332975
0.00334386
0.00337711
0.00337236
0.00335566
0.00337746
0.0033711
0.00339038
0.00338639
0.00340839
0.00340853
0.00340316
0.00341217
0.00343675
0.00343382
0.0034459
0.0034473
0.00346092
0.00344513
0.00347768
0.00346064
0.00348808
0.00347565
0.0035047
0.00350533
0.00352147
0.00350226
0.00351574
0.00352196
0.00353236
