0
0
0
9.09495e-13
7.27596e-12
1.45519e-11
1.45519e-11
8.73115e-11
1.45519e-11
8.73115e-11
1.16415e-10
6.98492e-10
2.32831e-10
2.32831e-10
9.31323e-10
9.31323e-10
1.39698e-09
1.39698e-09
1.86265e-09
2.32831e-09
1.62981e-09
1.86265e-09
3.72529e-09
3.72529e-09
2.79397e-09
7.45058e-09
2.79397e-09
7.45058e-09
7.45058e-09
1.11759e-08
1.11759e-08
1.11759e-08
1.30385e-08
1.67638e-08
1.30385e-08
2.6077e-08
2.42144e-08
1.86265e-08
2.04891e-08
2.6077e-08
3.72529e-08
4.47035e-08
1.67638e-08
2.42144e-08
5.96046e-08
5.96046e-08
3.35276e-08
4.09782e-08
6.70552e-08
5.96046e-08
7.45058e-08
6.33299e-08
1.2666e-07
1.19209e-07
1.04308e-07
1.04308e-07
1.41561e-07
1.63913e-07
1.3411e-07
1.49012e-07
2.23517e-07
1.49012e-07
2.38419e-07
2.23517e-07
2.83122e-07
2.83122e-07
2.08616e-07
2.68221e-07
2.98023e-07
3.27826e-07
2.38419e-07
2.98023e-07
3.57628e-07
3.72529e-07
3.72529e-07
2.98023e-07
3.57628e-07
3.27826e-07
4.17233e-07
3.72529e-07
4.76837e-07
4.47035e-07
4.76837e-07
5.66244e-07
5.06639e-07
6.25849e-07
6.85453e-07
5.06639e-07
5.66244e-07
5.66244e-07
7.45058e-07
5.66244e-07
8.34465e-07
8.9407e-07
1.19209e-06
6.85453e-07
1.01328e-06
1.01328e-06
8.34465e-07
1.13249e-06
1.01328e-06
1.07288e-06
1.2517e-06
1.54972e-06
1.78814e-06
1.60933e-06
1.13249e-06
1.78814e-06
2.02656e-06
2.6226e-06
1.19209e-06
1.84774e-06
1.78814e-06
2.08616e-06
2.14577e-06
1.66893e-06
1.78814e-06
2.86102e-06
2.98023e-06
2.26498e-06
2.98023e-06
3.57628e-06
2.74181e-06
2.5034e-06
2.5034e-06
2.98023e-06
2.98023e-06
2.38419e-06
2.38419e-06
3.8147e-06
3.8147e-06
2.74181e-06
2.02656e-06
4.41074e-06
3.69549e-06
4.76837e-06
4.17233e-06
5.72205e-06
4.29153e-06
4.76837e-06
4.64916e-06
5.00679e-06
3.93391e-06
3.93391e-06
5.96046e-06
7.39098e-06
5.24521e-06
5.96046e-06
4.41074e-06
4.88758e-06
5.60284e-06
7.15256e-06
4.52995e-06
5.72205e-06
6.19888e-06
6.91414e-06
7.15256e-06
6.67572e-06
8.82149e-06
7.15256e-06
7.86781e-06
8.10623e-06
7.62939e-06
8.82149e-06
7.62939e-06
1.0252e-05
1.09673e-05
9.53674e-06
7.86781e-06
8.58307e-06
1.14441e-05
9.29832e-06
1.00136e-05
1.12057e-05
1.16825e-05
1.21593e-05
1.0252e-05
1.33514e-05
1.09673e-05
1.09673e-05
1.14441e-05
1.62125e-05
1.21593e-05
9.77516e-06
1.3113e-05
1.09673e-05
1.90735e-05
1.57356e-05
1.57356e-05
1.43051e-05
1.38283e-05
2.00272e-05
1.33514e-05
1.52588e-05
1.57356e-05
1.7643e-05
1.85966e-05
1.7643e-05
1.52588e-05
