0
0
1.51582e-13
0
0
0
0
9.70128e-12
2.42532e-12
0
0
7.76102e-11
1.94026e-11
0
7.76102e-11
7.76102e-11
1.5522e-10
1.5522e-10
0
0
7.76102e-11
0
3.10441e-10
0
3.10441e-10
0
0
3.10441e-10
3.10441e-10
0
6.20882e-10
0
6.20882e-10
0
0
0
0
0
0
1.24176e-09
0
0
0
6.20882e-10
2.48353e-09
0
0
1.24176e-09
2.48353e-09
0
2.48353e-09
0
2.48353e-09
2.48353e-09
0
0
0
4.96705e-09
0
0
0
0
0
4.96705e-09
0
4.96705e-09
4.96705e-09
4.96705e-09
4.96705e-09
4.96705e-09
0
4.96705e-09
0
0
4.96705e-09
0
0
9.93411e-09
9.93411e-09
4.96705e-09
0
0
9.93411e-09
0
9.93411e-09
9.93411e-09
9.93411e-09
0
0
0
9.93411e-09
0
1.98682e-08
1.98682e-08
1.98682e-08
9.93411e-09
1.98682e-08
0
0
1.98682e-08
1.98682e-08
1.98682e-08
0
1.98682e-08
1.98682e-08
0
0
1.98682e-08
1.98682e-08
0
0
0
0
1.98682e-08
1.98682e-08
0
0
0
0
0
0
0
0
3.97364e-08
0
3.97364e-08
0
3.97364e-08
3.97364e-08
0
3.97364e-08
0
0
0
3.97364e-08
0
0
7.94729e-08
0
0
0
0
3.97364e-08
0
7.94729e-08
0
0
0
3.97364e-08
0
3.97364e-08
0
3.97364e-08
3.97364e-08
7.94729e-08
7.94729e-08
7.94729e-08
7.94729e-08
7.94729e-08
0
7.94729e-08
0
0
7.94729e-08
7.94729e-08
7.94729e-08
7.94729e-08
7.94729e-08
7.94729e-08
0
0
7.94729e-08
0
0
7.94729e-08
0
7.94729e-08
1.58946e-07
0
0
0
1.58946e-07
0
0
0
7.94729e-08
0
0
1.58946e-07
1.58946e-07
7.94729e-08
0
0
0
0
0
1.58946e-07
0
0
