5.6781e-05
6.0972e-05
5.8318e-05
0.000125085
0.000125016
0.000126971
0.000126901
0.000261626
0.000260229
0.000261486
0.000262882
0.000310095
0.000260717
0.000163079
9.5892e-05
0.000315962
0.000325042
0.000319174
0.000327695
0.000289143
0.000241651
0.000317429
0.000212737
0.000251289
0.000225937
0.000200375
0.000199955
0.000247518
0.000225937
0.000204984
0.000210083
0.000444121
0.000442444
0.00043574
0.000439442
0.000437207
0.000440419
0.000433016
0.000468914
0.000442724
0.000439232
0.000453549
0.000440279
0.000444889
0.00044
0.000444959
0.000474991
0.000525346
0.000502089
0.000451803
0.000439441
0.000473384
0.000445936
0.000446635
0.000445378
0.000536661
0.000447542
0.000445169
0.000450058
0.000450547
0.000452362
0.000450616
0.000451244
0.00111327
0.00122355
0.00146695
0.0015576
0.0015465
0.00154999
0.00158435
0.00155956
0.00157827
0.00155397
0.00123626
0.00158302
0.00110077
0.00103184
0.00157974
0.00158295
0.00157359
0.00146415
0.00156165
0.00155215
0.00157471
0.00166983
0.00123919
0.00105216
0.00156256
0.00158847
0.00158337
0.00160523
0.00158644
0.00144201
0.00123815
0.00106634
0.00104476
0.00106368
0.00109888
0.00104978
0.0010465
0.00105097
0.00104664
0.00104399
0.00104441
0.00105481
0.00105153
0.00105335
0.00108624
0.00112361
0.00106508
0.00106208
0.00105453
0.00107353
0.00106124
0.00105796
0.00106955
0.00106229
0.00106145
0.00105824
0.0010817
0.00106417
0.00106717
0.00106215
0.00107618
0.00106997
0.00107416
0.00107514
0.00224191
0.00224267
0.00222801
0.00223332
0.00223164
0.00225385
0.00223171
0.00223764
0.00224177
0.00223352
0.00225601
0.00223101
0.00225022
0.00224107
0.00225043
0.00224603
0.00226467
0.0022579
0.00224924
0.00225238
0.00224917
0.00226649
0.00224749
0.00226551
0.00226991
0.00225804
0.00227277
0.0022602
0.00227459
0.00226034
0.00228178
0.00226523
0.00228088
0.00227312
0.00227208
0.00228982
0.00227208
0.00228276
0.00227452
0.00228409
0.002291
0.00227857
0.0022894
0.00227878
0.00229268
0.00228276
0.00230183
0.00229638
0.00229226
0.00231007
0.0022887
0.0023093
0.00231314
0.00230329
0.0023137
0.0023093
0.00230839
0.00230832
0.00233172
0.00232355
0.00231314
0.00233647
0.00231922
0.00231803
0.00232034
0.00232041
0.00240603
0.00295617
0.00240869
0.00236601
0.00231957
0.00241197
0.00235344
0.00234813
0.0023739
0.00233787
0.00235002
0.00232984
0.00234848
0.00234122
0.0023649
0.00235142
0.00234897
0.00237383
0.00235623
0.00236357
0.00237181
0.00235295
0.00237439
0.00236601
0.00237397
0.00238487
0.0023649
0.00238368
0.00237537
0.00239241
0.00238815
0.00236846
0.00239374
0.00238187
0.00239632
0.00239325
0.0023862
0.00240547
0.00239479
0.00240184
0.00239821
0.0023943
0.00241721
0.00239178
0.00240806
0.00241602
0.00240561
0.00241441
0.00240645
0.00242147
0.0024339
0.00240359
0.00242433
0.00241378
0.00242978
0.00243467
0.00242182
0.00243816
0.00242265
0.0024443
0.00243495
0.00242733
0.00494399
0.00492982
0.00494267
0.00492646
0.00493345
0.00494923
0.00492744
0.00494015
0.00494169
0.00496613
0.00494232
0.00494169
0.00495384
0.00495943
0.00495496
0.00495712
0.00495077
0.00497354
0.00497326
0.00496376
0.00496467
0.00496229
0.00499107
0.00496956
0.00497577
0.00498618
0.00500727
0.004969
0.00497242
0.00499351
0.00500336
0.00498744
0.00499281
0.00500378
0.0050167
0.0049998
0.0049947
0.00500559
0.00503095
0.00500643
0.00501726
0.00501272
0.00502766
0.00502312
0.00501998
0.00501942
0.00502969
0.00503486
0.00503234
0.005032
0.00504023
0.0050387
0.00504394
0.00505916
0.00505092
0.00504191
0.00504897
0.00507439
0.00506915
0.00505714
0.00506238
0.00520332
0.00512509
0.00506133
0.00508745
0.00507956
0.00507725
0.00506454
0.00510316
0.00507963
0.0050915
0.00508982
0.0051061
0.00507935
0.00509862
0.00511127
0.00511154
0.00510477
0.00510225
0.00511615
0.00512404
0.00510323
0.00512181
0.0051318
0.00512886
0.0051818
0.0051538
0.0051369
0.00513075
0.00513585
0.0052478
0.00519661
0.0052015
0.00519836
0.00514493
0.00524759
0.00519032
0.00516574
0.00515505
0.00515694
0.00518306
0.00515596
0.00516874
0.00518844
0.00518802
0.0051788
0.00520038
0.00517649
0.00518907
0.00518655
0.00521142
0.00525269
0.00530102
0.00527281
0.00528196
0.00524201
0.00528279
0.00533867
0.00537107
0.00534202
0.00538979
0.00531827
0.00534949
0.00537673
0.00534837
0.00528028
0.00524445
0.00524375
0.00532037
0.00527546
0.005371
0.00531925
0.00526959
0.00542283
0.00531597
0.00533699
0.00533671
0.00540544
0.00542799
0.00628928
0.00544985
0.00532002
0.00692344
0.00541144
0.00535145
0.0057001
0.00532652
0.0053263
0.00535082
0.00532065
0.00533273
0.00530654
0.00532805
0.00534195
0.00532896
0.00533133
0.00535676
0.00546759
0.0055836
0.00536674
0.00534502
0.00535969
0.00536444
0.00535103
0.00537785
0.00535808
0.00536814
0.0053724
0.00538253
0.00560832
0.00632985
0.00541857
0.00584278
0.00565868
0.00549267
0.00620812
0.00549441
0.00546787
0.00607305
0.00550168
0.0054685
0.00612417
0.00551669
0.00546829
0.00621678
0.00550684
0.00551327
0.0061519
0.00554938
0.00550601
0.00621727
0.0055498
0.00551586
0.00646842
0.00551641
0.00564108
0.0059363
0.00552759
0.0060815
0.00568298
0.00554491
0.00616733
0.00634278
0.00559366
0.0063374
0.00561342
0.00558681
0.00628704
0.00565204
0.00554686
0.00638957
0.00553206
0.00583035
0.00572608
0.00564897
0.00554295
0.00553667
0.00556691
0.00554002
0.00554945
0.00556621
0.00554323
0.00557284
0.00556719
0.00556244
0.0055836
0.00558158
0.00559017
0.00557613
0.00558758
0.00560497
0.00558472
0.00561119
0.00559561
0.00559715
0.00561133
0.00561189
0.00561419
0.00562655
0.00561761
0.00563256
0.00561803
0.00565121
0.00562341
0.00564248
