5.168e-06
3.352e-06
3.702e-06
3.772e-06
4.331e-06
4.819e-06
5.168e-06
6.146e-06
6.565e-06
6.774e-06
7.543e-06
9.079e-06
1.1105e-05
1.1315e-05
1.341e-05
1.4736e-05
1.5784e-05
1.753e-05
1.9067e-05
1.8857e-05
2.1092e-05
2.3886e-05
2.4374e-05
4.6165e-05
2.3885e-05
2.207e-05
2.3816e-05
2.5142e-05
2.661e-05
2.7657e-05
2.8704e-05
3.1429e-05
3.1918e-05
3.4292e-05
3.8203e-05
3.6876e-05
3.8412e-05
4.0298e-05
4.1975e-05
4.4349e-05
4.5746e-05
4.7702e-05
4.9727e-05
5.1543e-05
5.3009e-05
5.5873e-05
5.7409e-05
5.9784e-05
6.153e-05
7.6965e-05
6.579e-05
6.8584e-05
7.3822e-05
7.3054e-05
7.5359e-05
7.8292e-05
8.0038e-05
8.332e-05
8.5207e-05
8.8209e-05
9.0794e-05
9.4007e-05
9.5892e-05
0.000108603
0.000108185
0.000109581
0.000111397
0.000115028
0.000117683
0.000120616
0.000123689
0.000126831
0.000133327
0.000129695
0.00013172
0.000135911
0.000166572
0.000188991
0.000151207
0.000153022
0.000155955
0.000159867
0.00016322
0.000192204
0.000168877
0.000176907
0.000175791
0.0001804
0.000183334
0.000183334
0.000194927
0.000195346
0.000198489
0.000203447
0.000205892
0.00021134
0.000209663
0.000227124
0.000279225
0.00024193
0.00023306
0.000238159
0.000248146
0.000245842
0.000249682
0.00025073
0.000254781
0.000282857
0.00027315
0.00027287
0.00027266
0.000277549
0.000290191
0.000358704
0.000305765
0.000296756
0.000407734
0.000327207
0.000314845
0.000316451
0.000328953
0.000331048
0.000334609
0.000339778
0.000340686
0.000415765
0.000373581
0.00036527
0.000380635
0.00036974
0.000374209
0.000383498
0.000384337
0.000391321
0.000395302
0.000480508
0.000425333
0.000417232
0.000437835
0.000424216
0.000429175
0.000438882
0.000440419
0.000450546
0.000543644
0.000479949
0.000475689
0.00047967
0.000475759
0.000487352
0.000510959
0.000515009
0.000572
0.000525974
0.000535683
0.000525067
0.000605873
0.000554539
0.000542387
0.00062026
0.000569835
0.000577028
0.000569486
0.000574096
0.000579264
0.000586038
0.000656648
0.000685562
0.000640375
0.000613766
0.000623054
0.000631435
0.000651759
0.000738292
0.000693873
0.000662375
0.000671943
0.000695758
0.000936432
0.00071727
0.000769302
0.000728654
0.000719086
0.000723416
0.000734451
0.000764203
0.000733054
0.000750304
0.0007568
0.000765949
0.000783689
0.000773143
0.000787739
0.000797029
0.000803524
0.000834393
0.000816026
0.000828667
0.000830762
0.000870362
0.000883772
0.000870012
0.000876299
0.00103896
0.000924419
0.000886495
0.000895924
0.000974077
0.00100215
0.000941321
0.000943625
0.000954381
0.000960806
0.000969327
0.000964857
0.000975054
0.000986019
0.00104322
0.00100781
0.00101354
0.00101745
0.00103679
0.00103812
0.00104888
0.00106906
0.00106361
0.00107136
0.00108219
0.00110126
0.00110566
0.00111145
0.00111851
0.00118095
0.00116782
0.00116048
0.00119896
0.00116446
0.00117515
0.00119547
0.00120979
0.00121845
0.00122942
0.00125274
0.00124604
0.00125693
0.00128124
0.00129332
0.00129988
0.00131937
0.0013089
0.00131385
0.00136568
0.00133844
0.00134605
0.0013721
0.00137036
0.00137909
0.00140639
0.00143189
0.00143719
0.00143636
0.00142344
0.00143426
0.00143908
0.00145214
0.0014886
0.00148811
0.00149677
0.00152862
0.00151877
0.00156794
0.00154426
0.00154908
0.00158093
0.00155041
0.00156787
0.00158819
0.0015928
0.00160761
0.00161187
0.00165824
0.00169142
0.0016558
0.00167947
0.00166571
0.00169072
0.00169142
0.00170552
0.00172941
0.00172445
0.00180994
0.00178514
0.0017989
0.00179234
0.00181399
0.00181699
0.00182244
0.00185149
0.00184171
0.00191644
