2.8565e-05
4.4977e-05
6.3416e-05
8.332e-05
0.000108813
0.000128858
0.000151206
0.000171042
0.000195277
0.000213156
0.0002332
0.000254502
0.000278946
0.000295638
0.000316241
0.000339987
0.000358705
0.000394045
0.000407105
0.000422679
0.000443003
0.000465702
0.000492241
0.000517105
0.000527302
0.000569556
0.000573188
0.000590299
0.000612438
0.000631295
0.000653715
0.000673758
0.000703651
0.000722229
0.000734451
0.000763574
0.000785086
0.000819727
0.000823638
0.000845917
0.000869734
0.000912826
0.000911149
0.000931543
0.000955219
0.0009768
0.00100069
0.00101829
0.00104071
0.00106599
0.0010831
0.00110831
0.0011227
0.00116844
0.00116628
0.00118304
0.00121412
0.00123773
0.00125644
0.00128571
0.00129556
0.00131511
0.00135506
0.00136386
0.00140486
0.00143377
0.00143412
0.00145081
0.0014858
0.00150061
0.00151423
0.00157464
0.00157052
0.00159797
0.00161061
0.00162947
0.00166013
0.0016764
0.00172243
0.00171593
0.0017593
0.00174352
0.00177669
0.00179555
0.00181483
0.00187168
0.00187915
0.00189018
0.00190073
0.00195395
0.00194934
0.00197986
0.00198712
0.00202512
0.00203601
0.00208672
0.0020782
0.00211808
0.00212332
0.00214392
