2.7727e-05
3.3384e-05
4.379e-05
6.4743e-05
7.9061e-05
0.000108604
0.000128578
0.00016252
0.000181308
0.000226985
0.000273987
0.000298013
0.000332864
0.000383568
0.000436647
0.000477086
0.000524159
0.000584292
0.000641911
0.000765181
0.000764412
0.000842146
0.000900534
0.00102499
0.0010803
0.00118234
0.00126266
0.00143901
0.00147239
0.00162611
0.00170273
0.001892
0.00207156
0.00221781
0.00231468
0.0025198
0.00262394
0.00289939
0.00303579
0.00327311
0.00337885
0.00359361
0.00385286
0.00404996
0.00431884
0.00458536
0.0047886
0.00505714
0.00537303
0.00571211
0.00591423
0.00635591
0.00668905
0.00706808
0.00742106
0.00789877
0.00819371
0.00868553
0.00905807
0.00968706
0.0102625
0.0106947
0.0111784
0.0117405
0.0122223
0.012728
0.0133278
0.0139898
0.0145763
0.0152572
0.0158943
0.0165832
0.0172215
0.0181606
0.0188787
0.0198548
0.0204013
0.0212657
0.0221365
0.0231342
0.0238963
0.0246738
0.0256943
0.0269228
0.0276992
0.0288041
0.0297847
0.0309297
0.0318733
0.033587
0.0348393
0.0355705
0.0367519
0.0381097
0.039238
0.0411123
0.0419956
0.0435169
0.0447782
0.046736
