0.00020659
9.8337e-05
9.5822e-05
0.000135352
0.000159308
0.000552794
0.000160915
0.00023313
0.000221467
0.000344876
0.000372464
0.000459696
0.000384966
0.000631715
0.000467866
0.000548045
0.000553702
0.00072593
0.000685422
0.000920997
0.000840121
0.000945301
0.00136491
0.00127453
0.000759733
0.000537708
0.000591975
0.000623543
0.000637512
0.00101011
0.000720692
0.000943626
0.000900045
0.00109756
0.00122369
0.00109937
0.00122041
0.00119924
0.00139382
0.0015555
0.0014497
0.00157429
0.00173507
0.00190751
0.00176726
0.00179569
0.00208679
0.0019617
0.00208001
0.00209489
0.00254348
0.00227627
0.00230728
0.00272388
0.00238312
0.00255857
0.00278024
0.00269336
0.00267548
0.00307309
0.00287648
0.00299445
0.00323177
0.00334575
0.00338849
0.00391139
0.0036402
0.00380321
0.00404919
0.00394107
0.00413537
0.00414222
0.00424824
0.00449687
0.00424586
0.00483455
0.00444365
0.00476297
0.00464123
0.00532526
0.00516832
0.00505553
0.00547213
0.00530619
0.00558947
0.00551041
0.00569339
0.00565735
0.00600076
0.0059847
0.0061762
0.00642784
0.00668828
0.00659406
0.00682922
0.00693538
0.00729855
0.00698469
0.0071727
0.00761745
0.00753511
0.00782152
0.00799396
0.0080094
0.00815851
0.00847035
0.00864118
0.00847803
0.00873107
0.00887075
0.0090288
0.00925669
0.00940294
0.00967127
0.00987884
0.00983707
0.0103905
0.0104003
0.0104236
0.0107628
0.0108901
0.0116078
0.0112542
0.0118005
0.0114069
0.0125183
0.012603
0.0140607
0.0138715
0.0141282
0.0140847
0.0149513
0.0154494
0.0158255
0.015273
0.0161214
0.0147589
0.0149922
0.0153699
0.0158997
0.0160907
0.0160243
0.0160387
0.0162498
0.0165072
0.0174658
0.016904
0.017426
0.0173032
0.0176952
